3.325134546151478632e-01	0.000000000000000000e+00	1.498298790184423976e-16	1.026246360518969278e-04	2.889694165759107980e-01	3.784145041728893544e-01
2.420169406640296228e-01	0.000000000000000000e+00	3.861987150417869451e-03	1.038864521840392316e-03	2.605641458192399784e-01	4.925180618444721103e-01
4.199406889276140475e-01	0.000000000000000000e+00	1.240164872267645246e-03	1.895219033676820951e-04	2.039325716809641253e-01	3.746970526157866188e-01
3.061419433952812241e-01	0.000000000000000000e+00	1.155080250396925477e-04	1.595030630467642822e-03	2.397419289763516870e-01	4.524055889728596513e-01
3.535719316387497257e-01	0.000000000000000000e+00	4.668393103746322559e-06	1.759543602025883703e-03	1.837468852938977659e-01	4.609169710722229030e-01
3.394775684855759201e-01	0.000000000000000000e+00	5.932520661129648388e-05	2.492708978052724910e-03	2.395167834366931092e-01	4.184536138930671223e-01
3.244450128955145840e-01	0.000000000000000000e+00	4.228059868379679721e-14	1.142359971846770329e-02	2.788373997632366263e-01	3.852939876227388094e-01
3.903332104215105902e-01	0.000000000000000000e+00	1.535714477285378220e-05	1.643430821069935977e-03	3.672671666278470859e-01	2.407408349847996731e-01
3.454931514343660415e-01	0.000000000000000000e+00	5.749748879013107989e-05	2.655943654328160250e-03	2.847583156369564161e-01	3.670350917855592643e-01
4.121662392330572300e-01	0.000000000000000000e+00	1.460746826933850517e-06	9.908322701775076208e-04	1.575131426970129700e-01	4.293283250529254524e-01
3.733247511110902028e-01	0.000000000000000000e+00	4.098114768113081527e-04	1.033202802958878980e-02	1.999653628858753251e-01	4.159680464966343250e-01
3.570979697970235733e-01	0.000000000000000000e+00	4.394902736378185625e-06	3.573034247824347087e-04	2.049831494258033959e-01	4.375571824496540807e-01
3.604287264881537722e-01	0.000000000000000000e+00	3.406879684127128018e-11	6.962399549595058891e-03	3.336692537577404805e-01	2.989396201704419553e-01
4.120469037405545820e-01	0.000000000000000000e+00	1.621498161871467807e-04	4.230184590992670281e-03	2.490198590323969285e-01	3.345409028198686463e-01
4.144425254299590189e-01	0.000000000000000000e+00	3.279509845834100272e-07	1.818292197386391432e-02	2.263947075113366125e-01	3.409795171338560471e-01
3.551789929860597606e-01	0.000000000000000000e+00	1.585793776411380338e-04	1.724670524367491464e-03	2.660727038124628963e-01	3.768650532994687330e-01
3.071989223906648192e-01	0.000000000000000000e+00	1.192617120500661949e-03	3.581223428955795235e-02	2.473767226213522130e-01	4.084195035779243366e-01
3.601336527322318570e-01	0.000000000000000000e+00	5.510461080310992269e-10	7.174875577219431153e-04	2.874667238485376641e-01	3.516821353104626624e-01
3.373233615409556574e-01	0.000000000000000000e+00	8.137664524136167837e-07	9.124164589964050415e-03	2.391730445746216571e-01	4.143786155280062555e-01
3.762217158919329285e-01	0.000000000000000000e+00	4.912329038083158698e-05	4.022452738225814825e-03	2.257609806936072272e-01	3.939457273858530950e-01
2.756864358812574533e-08	0.000000000000000000e+00	4.664980910504986505e-02	1.949826951232546652e-46	9.504625861080261418e-01	2.887577218280395173e-03
1.644458901172582864e-24	0.000000000000000000e+00	4.530201392962357465e-02	3.359302614691622050e-24	9.544581746421704205e-01	2.398114282059325838e-04
4.514180854084802719e-10	0.000000000000000000e+00	1.410445218773578521e-02	6.041655394026600181e-53	9.858406233974658095e-01	5.492396338042448230e-05
1.001638134280446334e-36	0.000000000000000000e+00	6.264268195983996312e-02	2.945790247657827044e-12	9.373406250656044492e-01	1.669297160995278069e-05
1.057190634437019161e-08	0.000000000000000000e+00	5.869443670476966191e-02	1.188520248890827751e-09	9.397657315914591525e-01	1.539819943344602300e-03
3.684623717186658165e-15	0.000000000000000000e+00	2.066889152665092599e-02	3.194441103307756416e-33	9.555979446656081011e-01	2.373316380773711834e-02
3.623352440013240619e-04	0.000000000000000000e+00	4.179097064404049822e-02	1.500653578499127322e-24	9.562970095825960026e-01	1.549684529362115298e-03
8.405140609973119341e-05	0.000000000000000000e+00	2.906452394460115954e-02	1.651522947841979311e-22	9.567995804084910016e-01	1.405184424080813295e-02
1.899652714333420828e-29	0.000000000000000000e+00	3.585808033783831339e-02	6.515417333387503950e-29	9.371539591428160731e-01	2.698796051934571408e-02
5.159311354328152081e-04	0.000000000000000000e+00	3.018572664612800827e-02	3.410172044728596531e-140	9.539365952685228134e-01	1.536174694991635295e-02
8.206008564803705263e-29	0.000000000000000000e+00	3.175132361976420320e-02	5.234076589054506283e-61	9.675532464910996389e-01	6.954298891361374501e-04
1.156981908628740987e-05	0.000000000000000000e+00	7.417291689284720435e-02	1.576057021670060947e-30	9.256456766974386907e-01	1.698365906277336291e-04
1.606805554603090045e-06	0.000000000000000000e+00	2.183733606601738833e-02	1.828898489851152423e-08	9.548338632575292806e-01	2.332717558191385945e-02
1.032785615102288441e-06	0.000000000000000000e+00	5.031324124822829369e-02	2.591122892591921421e-121	9.488789286928389632e-01	8.067972733178121157e-04
1.216304347293578959e-17	0.000000000000000000e+00	7.596423050617669148e-02	4.999391505419792101e-29	8.645431349237615581e-01	5.949263457006168099e-02
2.700590597173873916e-16	0.000000000000000000e+00	3.127180549044716873e-02	3.910913147779892307e-30	9.673625859573881103e-01	1.365608552164482249e-03
3.755693671511570197e-05	0.000000000000000000e+00	4.242064386283814909e-02	9.297956472575595572e-46	9.561584306120954890e-01	1.383368588351244948e-03
2.696220217479825177e-14	0.000000000000000000e+00	4.313547165228304170e-02	1.208543124341482992e-42	9.539569735209544321e-01	2.907554826735593741e-03
1.101096546431655928e-05	0.000000000000000000e+00	4.774492906159531064e-02	2.079548320326263057e-82	9.508911525375544072e-01	1.352907435386027125e-03
1.849051956385243083e-06	0.000000000000000000e+00	2.745231517213780892e-02	3.186472076878864464e-13	9.716892496436667637e-01	8.565861319204683653e-04
2.594543354057713413e-01	0.000000000000000000e+00	3.016152632190463785e-24	0.000000000000000000e+00	6.988047332688326341e-01	4.174093132539600376e-02
2.484930048932009194e-01	0.000000000000000000e+00	2.269985569996428159e-18	6.133358255888292197e-300	6.659541585145692943e-01	8.555283659222974457e-02
2.867264326757514858e-01	0.000000000000000000e+00	1.946035313394670469e-81	0.000000000000000000e+00	6.904230832504602011e-01	2.285048407378821589e-02
2.801489840461509617e-01	0.000000000000000000e+00	2.324034107526337791e-134	3.094002602897005545e-169	7.081803866509365220e-01	1.167062930291238101e-02
1.182008442320005154e-01	0.000000000000000000e+00	8.131047064752099486e-32	0.000000000000000000e+00	8.151973601103952305e-01	6.660179565760421250e-02
2.079275811263306406e-01	0.000000000000000000e+00	5.840306746195728982e-224	0.000000000000000000e+00	7.087554733621469483e-01	8.331694551152227235e-02
1.312007918299400444e-01	0.000000000000000000e+00	3.198672860657335074e-108	3.495411339238099890e-283	8.280339489294742394e-01	4.076525924058569533e-02
2.257688595853314661e-01	0.000000000000000000e+00	2.697784429979474118e-214	0.000000000000000000e+00	7.325680539857521989e-01	4.166308642891632108e-02
1.645546992659651375e-01	0.000000000000000000e+00	4.640676753108835258e-181	0.000000000000000000e+00	7.551552599908211150e-01	8.029004074321359485e-02
3.012614752071892665e-01	0.000000000000000000e+00	3.560069948308265968e-05	0.000000000000000000e+00	6.492459663939942338e-01	4.945695769933328850e-02
2.056734585055963183e-01	0.000000000000000000e+00	9.570208156524617048e-09	0.000000000000000000e+00	6.697273646182605455e-01	1.245991673059348576e-01
1.695333739404558115e-01	0.000000000000000000e+00	1.994272451488132764e-230	0.000000000000000000e+00	7.004130606851055596e-01	1.300535653744387676e-01
2.232596517260915236e-01	0.000000000000000000e+00	2.881326836223942753e-218	0.000000000000000000e+00	7.252426856048475035e-01	5.149766266906097290e-02
2.357160120415222881e-01	0.000000000000000000e+00	5.503596909534416711e-143	0.000000000000000000e+00	6.405857488724093773e-01	1.236982390860684455e-01
2.349720645650217044e-01	0.000000000000000000e+00	1.345634938518521535e-42	0.000000000000000000e+00	6.527835808211092106e-01	1.122443546138690712e-01
2.288140442061537827e-01	0.000000000000000000e+00	4.632872219538231076e-15	0.000000000000000000e+00	6.263423587562306771e-01	1.448435970376108772e-01
2.660850996066439489e-01	0.000000000000000000e+00	3.195935137149467503e-192	5.461955333576232163e-284	6.926336524897569458e-01	4.128124790359913310e-02
3.115247261738073314e-01	2.016117405930497778e-113	8.540728662257934406e-10	0.000000000000000000e+00	6.504061364102530218e-01	3.806913656186692446e-02
3.041591907495555525e-01	0.000000000000000000e+00	1.025219761285218143e-35	0.000000000000000000e+00	6.479501692791924672e-01	4.789063997125212607e-02
1.558487089837201633e-01	0.000000000000000000e+00	8.476122191792754630e-44	0.000000000000000000e+00	8.053405094109695739e-01	3.881078160531024890e-02
1.746459971984306581e-01	0.000000000000000000e+00	6.677777838503201960e-03	0.000000000000000000e+00	8.186762245083557543e-01	4.547104117201571260e-10
1.901649854838939890e-01	0.000000000000000000e+00	3.469156478187031896e-04	1.670201689571745342e-98	8.045677285055790051e-01	4.920370362708239610e-03
1.432728801158746068e-01	0.000000000000000000e+00	4.543927714852098912e-17	0.000000000000000000e+00	8.567270653405387737e-01	5.454358659506482125e-08
1.116968532488393367e-01	0.000000000000000000e+00	1.616539229883571767e-04	0.000000000000000000e+00	8.881414908482253567e-01	1.979946947644976504e-09
1.056867539617348667e-01	0.000000000000000000e+00	1.842927353438175708e-02	0.000000000000000000e+00	8.758779190221502864e-01	6.053481733159256864e-06
1.206540661558260230e-01	0.000000000000000000e+00	6.988193873076760856e-09	0.000000000000000000e+00	8.793459267452572448e-01	1.107228017577130296e-10
1.733897274675048339e-01	0.000000000000000000e+00	3.016982852588309932e-03	0.000000000000000000e+00	8.219591383609187174e-01	1.634151318987975493e-03
2.316616736284425326e-01	0.000000000000000000e+00	3.607865464407907214e-14	0.000000000000000000e+00	7.683378841971695294e-01	4.421743518650485990e-07
1.547460611920100371e-01	0.000000000000000000e+00	2.321529756508425692e-04	3.712878359342485842e-79	8.445419997407248580e-01	4.797860916141407565e-04
2.953146418385895200e-01	0.000000000000000000e+00	1.333127635607498479e-08	3.105504318037339173e-24	7.046853448297417666e-01	3.924897601862585360e-13
1.075348981474977678e-01	0.000000000000000000e+00	5.141508492756109933e-05	0.000000000000000000e+00	8.924119312947229599e-01	1.755472851753130505e-06
2.725598195790206457e-01	0.000000000000000000e+00	1.737675640340987510e-02	0.000000000000000000e+00	7.099334730836643903e-01	1.299509339050133416e-04
1.008130426379727773e-01	0.000000000000000000e+00	2.290501823514628270e-35	2.269946625636112895e-300	8.991869573611400712e-01	8.870508493158968217e-13
1.137238088774259748e-01	0.000000000000000000e+00	1.427630396273347135e-04	0.000000000000000000e+00	8.776346217404905614e-01	8.498806342456144414e-03
2.448351362138770915e-01	0.000000000000000000e+00	2.353703207349862550e-11	0.000000000000000000e+00	7.551341833106484103e-01	3.068045193747557939e-05
1.818145401407510742e-01	0.000000000000000000e+00	5.525469446041302379e-06	0.000000000000000000e+00	8.119381864249319847e-01	6.241747964870983205e-03
1.581057709778485032e-01	0.000000000000000000e+00	2.291865945775984230e-09	0.000000000000000000e+00	8.418941801067821862e-01	4.662350324269005184e-08
1.940329415146305747e-01	0.000000000000000000e+00	9.634481323233046526e-03	0.000000000000000000e+00	7.935624743658911129e-01	2.770102796245196061e-03
1.889293922378164348e-01	0.000000000000000000e+00	5.751347263769062424e-07	6.865180151972307022e-75	8.110700133629598074e-01	1.926449749141428322e-08
1.282342337117401698e-01	0.000000000000000000e+00	1.831598136960612338e-17	0.000000000000000000e+00	8.612070124906990864e-01	1.055875379756071944e-02
0.000000000000000000e+00	2.059963638566545286e-03	2.264626283912336835e-01	3.723485533626036403e-01	3.991288546075960619e-01	1.782748032254576532e-30
0.000000000000000000e+00	1.908078542528288254e-04	2.264997475208712086e-01	3.213646184953760643e-01	4.519448261294998770e-01	6.237476477568728027e-30
0.000000000000000000e+00	9.107118233540609578e-03	1.420614755529159001e-01	4.403807349303653362e-01	4.084506712831781350e-01	1.913005647294084083e-58
0.000000000000000000e+00	1.373392236411195323e-02	1.969993841145083191e-01	4.690975355917039180e-01	3.201691579296757073e-01	1.238670220943725324e-153
0.000000000000000000e+00	2.379397332114566928e-12	2.430947201477750563e-01	4.433567145606130411e-01	3.135485652892326391e-01	1.575626010979651417e-192
0.000000000000000000e+00	3.713476124249505221e-05	1.823928853804658579e-01	2.669075031739277515e-01	5.506624766129357695e-01	7.142809887976783786e-11
0.000000000000000000e+00	6.239878983545052611e-03	2.229553543703980123e-01	3.836778693778349347e-01	3.871268972682221365e-01	5.866344344346113584e-23
0.000000000000000000e+00	8.581781653523372702e-03	2.314471570038945936e-01	3.746806056090973835e-01	3.852904557334846380e-01	0.000000000000000000e+00
0.000000000000000000e+00	1.836256901635143152e-03	6.791696163037574951e-02	3.068244011872933164e-01	6.234223802806957426e-01	4.647975746616287732e-35
0.000000000000000000e+00	2.598076210310949510e-21	1.732409450861852052e-01	4.488724311734190731e-01	3.778866237403956663e-01	3.109674344490406556e-62
0.000000000000000000e+00	1.876260305887558213e-04	8.090166033234179321e-02	3.593154691380479049e-01	5.595952444990215380e-01	2.129739651829934820e-29
0.000000000000000000e+00	6.549894958955876194e-03	1.728259202648257387e-01	4.162620559658412045e-01	4.043621288103770306e-01	2.092590661630184640e-27
0.000000000000000000e+00	1.269203709367086404e-05	2.180203820045365226e-01	3.449411960123102139e-01	4.370257299460595934e-01	1.265675317640072273e-59
0.000000000000000000e+00	1.410839218506128442e-04	4.314681066846809410e-02	4.076195498947940976e-01	5.490925555148872261e-01	1.902870112120697675e-98
0.000000000000000000e+00	2.228662442038768980e-05	1.810085330438823970e-01	3.282288533001518349e-01	4.907403270315454646e-01	1.692434729690463707e-105
0.000000000000000000e+00	1.280097977025567064e-04	1.683008141440635319e-01	3.859070194031953283e-01	4.456641566550385014e-01	1.182709148917387724e-75
0.000000000000000000e+00	2.844754005404477224e-05	2.540460852302259820e-01	3.456906734886288080e-01	4.002347937410909995e-01	0.000000000000000000e+00
0.000000000000000000e+00	4.017186371207281774e-03	3.144937771656209913e-01	3.591630739368022462e-01	3.223259624438815640e-01	8.248814585761474531e-11
0.000000000000000000e+00	7.748951420155398987e-04	8.716608775314566016e-02	3.851740753657473260e-01	5.268849417390915058e-01	2.618283238051947835e-20
0.000000000000000000e+00	8.165071770294440087e-04	1.470759049853423706e-01	5.648176058788699772e-01	2.872899819587582115e-01	2.510647839438112292e-24
6.607163516028971562e-02	0.000000000000000000e+00	5.104875931591994903e-02	6.599525232917413664e-01	2.229270822320488787e-01	0.000000000000000000e+00
5.340419918211539857e-02	0.000000000000000000e+00	2.649771343452975506e-02	6.537098547960866757e-01	2.663882325872682366e-01	0.000000000000000000e+00
3.170679401413208087e-02	0.000000000000000000e+00	6.351120630388300270e-02	6.155801344729865399e-01	2.892018652089982655e-01	0.000000000000000000e+00
1.246306951038879257e-01	0.000000000000000000e+00	6.515024921331308283e-02	4.232976133292427057e-01	3.869214423535561886e-01	0.000000000000000000e+00
9.660159039137516945e-02	0.000000000000000000e+00	1.570896533208018114e-02	7.163803862522253318e-01	1.713090580243191441e-01	0.000000000000000000e+00
1.085610356517750508e-01	0.000000000000000000e+00	2.983631622611319922e-02	4.397419549689990936e-01	4.218606931531127535e-01	0.000000000000000000e+00
3.681018714798631880e-02	0.000000000000000000e+00	3.353071690068053223e-02	5.956966685670814776e-01	3.339624273842516367e-01	4.030803412138179570e-244
4.733233018286269606e-02	0.000000000000000000e+00	3.753059114749285330e-02	4.953933035116813155e-01	4.197437751579631282e-01	0.000000000000000000e+00
1.174016039025008867e-02	0.000000000000000000e+00	3.468062029418666342e-02	6.296482336104815003e-01	3.239309857050816643e-01	0.000000000000000000e+00
1.331632156902427810e-01	0.000000000000000000e+00	2.610690022775621205e-02	5.372200719945087188e-01	3.035098120874923366e-01	0.000000000000000000e+00
7.354488262788778929e-02	0.000000000000000000e+00	7.765827846806612478e-02	5.459275313488896053e-01	3.028693075551563973e-01	9.985495418914966584e-33
3.158884649562092306e-02	0.000000000000000000e+00	2.224361767203528184e-02	5.238654814891974265e-01	4.223020543431463825e-01	8.498011091031943605e-289
2.587447848833035122e-02	0.000000000000000000e+00	3.283028252928327229e-02	5.434698677342020279e-01	3.978253712481843452e-01	0.000000000000000000e+00
1.057374776849035469e-01	0.000000000000000000e+00	4.738606274543707975e-02	6.112292870159704572e-01	2.356471725536888606e-01	2.531753667780395264e-214
4.133480280598254147e-02	0.000000000000000000e+00	4.068998339290219590e-02	5.084664118097380614e-01	4.095088019913771804e-01	6.467319304061917263e-321
1.309142549993744242e-01	0.000000000000000000e+00	2.459842283959890602e-02	5.058092528465178983e-01	3.386780693145086674e-01	2.820607805791300736e-159
2.341747925410848225e-02	0.000000000000000000e+00	4.527643843339916596e-02	6.407732320354252442e-01	2.905328502770671006e-01	2.621966675124703437e-262
7.769999040814423719e-02	0.000000000000000000e+00	1.120205804828689894e-01	5.381899019915874494e-01	2.720895271173994212e-01	0.000000000000000000e+00
7.780822545279705849e-02	0.000000000000000000e+00	1.101694683584084587e-02	6.307901231035538681e-01	2.803847046078081218e-01	9.881312916824930884e-324
4.855937133908129477e-02	0.000000000000000000e+00	6.496057019323861481e-02	4.930956519089991219e-01	3.933844065586808991e-01	0.000000000000000000e+00
3.019983027345254089e-12	5.280618681974026396e-01	1.776674430575813091e-01	2.367053314427284560e-01	5.756535729926772621e-02	5.720188716623239279e-23
6.069458827205661405e-03	5.061817196670276298e-01	5.776137905219046187e-02	2.829643775422766572e-01	1.470230649112963528e-01	3.213616001903727134e-15
5.125660535269142360e-04	4.439646260157538715e-01	9.939217303902014855e-02	3.258913688803918296e-01	1.302392427810924735e-01	2.323021473512978242e-08
1.205849237588004549e-03	5.395668819348004019e-01	7.582889915057815233e-02	3.029734866419026562e-01	8.021247441419056268e-02	2.124086209401610003e-04
2.886417522291499175e-03	4.941650353613742941e-01	1.361558186282469385e-01	2.356606136689045339e-01	1.311321146191089526e-01	2.000738741282018416e-10
4.141994837456714623e-03	3.516643970511931783e-01	1.867858925240725165e-01	2.930545985107271822e-01	1.556361109515182195e-01	8.717006125032036173e-03
2.417158122026290040e-04	5.773499266924316808e-01	1.111662582439395808e-01	2.519516161435951807e-01	5.929046364115991841e-02	1.946667089587633675e-08
4.730061407131523838e-04	4.248649792075873122e-01	1.735527077426006759e-01	2.578870425339729322e-01	1.274148567832964207e-01	1.580740759182969191e-02
2.823415182282521668e-04	4.424684721302975521e-01	9.951354493720375449e-02	2.986204510085879171e-01	1.575260127281959688e-01	1.589177677486489863e-03
6.042320703146157948e-03	4.783242309350300703e-01	1.377690483952209721e-01	2.904297021995631556e-01	8.743469776703949314e-02	1.403060867173055265e-41
1.390814555424161724e-03	3.746760271259270692e-01	1.191094261500161011e-01	3.753364662059046619e-01	1.294872533325824859e-01	1.263014553838617295e-08
1.142769887268503352e-08	5.152934922182137445e-01	1.255153695161766170e-01	3.001464800458952809e-01	5.904464679201541083e-02	6.058196660770267187e-52
2.571460353591017815e-03	4.861050251720931970e-01	9.574712796250756108e-02	3.618343798672076783e-01	5.374200660825588505e-02	3.634473480355431140e-11
1.146903811103605616e-06	5.720047113089952173e-01	9.325352457618851787e-02	1.932099943616722715e-01	1.415306228493329599e-01	1.194621127351596499e-19
2.126850156257132241e-03	5.779858410654923340e-01	4.439644164307865459e-02	2.458537979515938721e-01	1.296370691835780076e-01	2.601689077575531230e-56
9.671483629520737004e-05	5.820279076088366033e-01	8.241530031234263476e-02	2.135697876758681779e-01	1.218902895666573727e-01	3.405785960452310017e-30
5.180896637640633809e-03	5.226877693442852912e-01	9.425229276580389393e-02	3.042864501906490937e-01	7.359259106162099884e-02	6.454863681746508932e-25
1.260708181058461550e-03	5.953648400208878533e-01	1.025933017117943297e-01	2.434595618665031658e-01	5.707121665760566537e-02	2.503715621504376283e-04
5.061618525844876907e-04	3.196375667049666247e-01	1.710992732774657965e-01	3.503519996116831736e-01	1.584049985532742788e-01	2.557129365566749620e-14
1.634234548384596447e-04	6.193595460311814849e-01	4.201015138271115695e-02	2.781437128966868788e-01	6.032316623457179006e-02	1.027869093114397021e-14
6.617336068177044443e-04	8.927535224442463557e-02	0.000000000000000000e+00	3.469065098971769057e-03	9.211732788360797036e-03	8.973821162614250557e-01
4.973042232945835972e-02	9.514411714264417452e-02	4.459993174794498301e-206	6.112847347454905371e-03	5.215593087291170308e-04	8.484910538717135298e-01
4.071646389957489509e-02	1.332608965063857842e-01	0.000000000000000000e+00	2.881525046258074166e-02	1.284281552033358399e-02	7.843645736111251043e-01
2.187204282028877220e-02	1.253724464240603409e-01	0.000000000000000000e+00	1.314439678630190383e-03	1.767784115096452877e-02	8.337632299260562263e-01
3.950942126980883790e-02	1.744305236165311079e-01	2.735758931917022098e-102	3.620219339604359432e-02	1.559377469383411020e-04	7.497019239706781413e-01
7.117220559798522264e-03	5.472361071777263886e-02	5.936922245029674143e-98	3.047360991803184978e-03	1.802546021197312274e-03	9.333092617094282950e-01
1.263580706605930927e-03	7.707215513705613363e-02	0.000000000000000000e+00	6.930836931713224569e-02	2.032595679282269904e-02	8.320299380463829220e-01
9.226876055253115572e-05	2.228581090955163435e-01	0.000000000000000000e+00	3.212397702346113382e-02	1.271366973070677702e-04	7.447985084231629749e-01
8.016019306778221845e-03	1.186640859800999204e-01	0.000000000000000000e+00	3.366459069180863922e-05	3.187662069890585901e-03	8.700985680525392674e-01
9.724390775987143756e-03	1.240345853177940716e-01	0.000000000000000000e+00	2.610942350354740656e-03	1.578600270700077426e-02	8.478440788488632585e-01
1.124176711788439642e-02	1.371263619598179218e-01	2.240075893785237281e-146	1.393154520899098948e-02	4.090718761019288517e-03	8.336096069522873631e-01
1.558297157161997633e-02	6.310364346005328806e-02	1.098894595794347253e-202	1.227082357515676611e-02	3.868009065005241151e-03	9.051745523281646832e-01
3.629048750980169019e-02	1.462865047642580574e-01	0.000000000000000000e+00	1.487415830920731270e-02	3.781225480044456827e-02	7.647365946162884009e-01
2.230778773994892411e-02	9.307978863484857313e-02	2.182376874271309121e-218	2.206012950085317614e-02	1.340258373411162872e-03	8.612120357509380764e-01
4.698430929082908492e-02	1.119975469751459257e-01	0.000000000000000000e+00	7.896434373205439561e-03	6.108762520455118187e-05	8.330606217356150145e-01
3.917158058481905181e-02	1.691735587328430102e-01	0.000000000000000000e+00	6.684562975042489252e-02	3.039103067744656269e-03	7.217701278641684981e-01
5.992156306817579374e-03	1.627494770675696756e-01	7.414730102715458081e-182	3.336341345710244072e-02	5.473483313304644722e-03	7.924214698552055625e-01
5.969901140964602865e-02	1.132682774794262215e-01	1.993486523446481090e-120	4.470762966187320775e-02	3.632263941629959494e-03	7.786928175074246949e-01
1.396041150333454141e-02	1.592588359367446971e-01	0.000000000000000000e+00	4.225269101448462378e-02	2.006224680307438449e-04	7.843274390774054305e-01
5.293585113833720185e-02	1.296263207049975497e-01	1.241661318352416510e-118	1.147050196020311941e-02	4.710123783659106065e-05	8.059202249586254752e-01
0.000000000000000000e+00	6.088215628906469123e-04	4.051345410570595384e-01	4.720732912314871688e-01	0.000000000000000000e+00	1.221833461485625771e-01
0.000000000000000000e+00	1.069769294659639221e-05	3.173005890464448142e-01	5.033022274208148739e-01	0.000000000000000000e+00	1.793864858397936080e-01
0.000000000000000000e+00	7.064070649986865477e-08	3.676510215401652681e-01	4.563450045006379741e-01	0.000000000000000000e+00	1.760039033184902790e-01
0.000000000000000000e+00	7.839139154195729499e-08	3.347958453020588032e-01	6.004626492086745371e-01	0.000000000000000000e+00	6.474142709787512884e-02
0.000000000000000000e+00	1.703104644918289334e-02	4.169212576099819989e-01	4.321007906367614892e-01	0.000000000000000000e+00	1.339469053040736879e-01
0.000000000000000000e+00	9.125917997672376350e-07	3.203067842953243871e-01	6.095292984607292297e-01	0.000000000000000000e+00	7.016300465214650450e-02
0.000000000000000000e+00	6.755702714272477684e-03	2.533072672008581661e-01	5.134580281270250124e-01	0.000000000000000000e+00	2.264790019578442892e-01
0.000000000000000000e+00	2.117428947764590959e-04	4.112465018708931219e-01	5.077770214522410175e-01	0.000000000000000000e+00	8.076473378208949561e-02
0.000000000000000000e+00	1.776313641283088572e-09	3.518871871469472778e-01	5.663473864684667181e-01	0.000000000000000000e+00	8.176542460827236625e-02
0.000000000000000000e+00	1.089823597038093056e-06	4.344093037948716929e-01	4.901528276898205472e-01	0.000000000000000000e+00	7.543677869171075412e-02
0.000000000000000000e+00	2.376918381530163907e-05	4.631010436848436718e-01	4.406738575794068025e-01	0.000000000000000000e+00	9.620132955193426427e-02
0.000000000000000000e+00	3.989755839899915318e-05	3.469797013289582233e-01	4.540521831490382243e-01	0.000000000000000000e+00	1.989282179636046866e-01
0.000000000000000000e+00	1.008949524077523443e-05	4.059944792578245587e-01	5.011065716980493967e-01	0.000000000000000000e+00	9.288885954888516372e-02
0.000000000000000000e+00	1.809574202791447404e-05	3.980368802086363678e-01	4.919649162732521175e-01	0.000000000000000000e+00	1.099801077760836632e-01
0.000000000000000000e+00	2.410257732681761968e-10	3.909572127321189194e-01	5.842080237137684540e-01	0.000000000000000000e+00	2.483476331308702087e-02
0.000000000000000000e+00	1.115273341284528359e-16	5.152804297947924939e-01	3.320934126240334683e-01	0.000000000000000000e+00	1.526261575811737325e-01
0.000000000000000000e+00	1.060286939698366159e-06	3.960896570882644907e-01	4.616661101171358750e-01	0.000000000000000000e+00	1.422431725076599984e-01
0.000000000000000000e+00	9.314778513666130254e-07	3.476170738197358889e-01	5.983444289781063574e-01	0.000000000000000000e+00	5.403756572430643002e-02
0.000000000000000000e+00	4.863245312133593530e-05	4.212588576223053050e-01	4.746757882703108167e-01	0.000000000000000000e+00	1.040167216542625117e-01
0.000000000000000000e+00	4.193706546064514821e-08	4.572982288927689432e-01	4.340633588373135621e-01	0.000000000000000000e+00	1.086383703328520495e-01
1.090120517337391210e-101	8.144156676617633206e-01	0.000000000000000000e+00	1.855843323382366239e-01	0.000000000000000000e+00	0.000000000000000000e+00
7.256494923688381979e-29	8.735560050143039712e-01	0.000000000000000000e+00	1.264439949856960843e-01	0.000000000000000000e+00	0.000000000000000000e+00
9.314905075231963752e-14	8.515912833398087134e-01	0.000000000000000000e+00	1.484087166600981111e-01	0.000000000000000000e+00	0.000000000000000000e+00
3.184111406499338950e-71	8.241163601722346632e-01	0.000000000000000000e+00	1.758836398277653645e-01	0.000000000000000000e+00	0.000000000000000000e+00
2.789737951672085118e-100	7.911664605104696824e-01	0.000000000000000000e+00	2.088335394895302066e-01	0.000000000000000000e+00	0.000000000000000000e+00
6.702283633936696910e-18	7.621857540154270971e-01	0.000000000000000000e+00	2.378142459845728751e-01	0.000000000000000000e+00	0.000000000000000000e+00
3.876396970840191890e-116	9.004557434608365662e-01	0.000000000000000000e+00	9.954425653916350314e-02	0.000000000000000000e+00	0.000000000000000000e+00
8.977341977091292240e-09	8.451432410136457962e-01	0.000000000000000000e+00	1.548567500090123061e-01	0.000000000000000000e+00	0.000000000000000000e+00
1.800033452956162923e-131	9.337099884701276498e-01	0.000000000000000000e+00	6.629001152987226697e-02	0.000000000000000000e+00	0.000000000000000000e+00
2.722373234080165492e-129	8.294310684260182143e-01	0.000000000000000000e+00	1.705689315739818412e-01	0.000000000000000000e+00	0.000000000000000000e+00
1.288869806635331985e-18	9.080135105273756668e-01	0.000000000000000000e+00	9.198648947262437481e-02	0.000000000000000000e+00	0.000000000000000000e+00
1.893838147358378589e-89	7.848653443354099979e-01	0.000000000000000000e+00	2.151346556645899466e-01	0.000000000000000000e+00	0.000000000000000000e+00
6.452271959589964693e-24	9.320405139323907351e-01	2.308291031110814369e-102	6.795948606760919553e-02	0.000000000000000000e+00	0.000000000000000000e+00
2.260605415110089955e-95	8.431414966695603974e-01	0.000000000000000000e+00	1.568585033304394916e-01	0.000000000000000000e+00	0.000000000000000000e+00
1.148661551373168232e-162	7.401254795492496763e-01	0.000000000000000000e+00	2.598745204507503237e-01	0.000000000000000000e+00	0.000000000000000000e+00
9.938374980564128270e-204	7.977847251100991244e-01	0.000000000000000000e+00	2.022152748899008201e-01	0.000000000000000000e+00	0.000000000000000000e+00
3.844347642005748433e-180	8.561590692863614294e-01	0.000000000000000000e+00	1.438409307136387094e-01	0.000000000000000000e+00	0.000000000000000000e+00
9.468030270347406218e-77	8.526529089041015030e-01	0.000000000000000000e+00	1.473470910958984970e-01	0.000000000000000000e+00	0.000000000000000000e+00
0.000000000000000000e+00	8.900537277027925631e-01	0.000000000000000000e+00	1.099462722972075063e-01	0.000000000000000000e+00	0.000000000000000000e+00
6.495349308459194410e-24	8.385077018429546447e-01	0.000000000000000000e+00	1.614922981570453553e-01	0.000000000000000000e+00	0.000000000000000000e+00
3.374358837716511239e-01	5.863288655314299880e-02	1.450661517350555506e-189	8.593702533641103813e-02	1.862032196556492047e-01	3.317909846831456622e-01
3.280577265665874376e-01	3.048296884764035986e-02	7.390528038491989038e-299	3.384159418421960053e-02	2.224688437003708164e-01	3.851488667011818690e-01
2.873526157198799669e-01	2.653030220205561049e-02	0.000000000000000000e+00	3.752475863805689732e-02	3.057714424240124962e-01	3.428208810159950604e-01
1.817978130572475148e-01	7.333974906417729811e-02	0.000000000000000000e+00	5.340849444519862183e-02	3.144883811469859625e-01	3.769655622863907762e-01
3.783424718116394914e-01	7.946733861782839803e-02	0.000000000000000000e+00	5.538811589113599998e-02	2.230327857447012285e-01	2.637692879346948960e-01
3.232903854151698564e-01	9.392908218363509726e-03	0.000000000000000000e+00	4.027227802445187271e-02	1.568631527343660459e-01	4.701812756076487743e-01
2.895006797562903467e-01	4.958428011126583997e-03	7.641489541067646029e-119	4.873949255296267102e-02	2.239258786156435865e-01	4.328755210639768092e-01
2.844661736648839145e-01	6.145132296875790989e-02	1.499665439788086040e-209	3.880200650339352825e-02	2.966387361008898105e-01	3.186417607620747328e-01
3.106750012309119624e-01	1.654652348723026356e-02	0.000000000000000000e+00	9.227204181961747020e-02	2.651188482578629158e-01	3.153875852043773742e-01
3.176152674201286885e-01	5.312128263169905995e-02	0.000000000000000000e+00	1.594630129278934091e-02	2.865320827438239126e-01	3.267850659115590917e-01
2.499343268731975265e-01	7.754793484072683429e-02	0.000000000000000000e+00	4.784009493866753226e-02	2.907526424210284954e-01	3.339250009263797225e-01
4.030488565960182457e-01	5.884613366087709102e-02	1.128939836039601551e-34	3.419213823855549866e-02	2.081361425650521402e-01	2.957767289394971910e-01
4.542043334871977422e-01	2.076957647958176459e-02	0.000000000000000000e+00	6.123250790511475250e-02	1.941695037196367879e-01	2.696240784084688591e-01
2.989025920443919015e-01	1.367184090615644089e-02	2.149014901917633533e-43	2.457503269736131812e-02	3.138680786031461389e-01	3.489824557489442092e-01
3.772742093279101705e-01	1.770950882079894498e-02	0.000000000000000000e+00	7.254314516905303878e-02	1.422527214136814766e-01	3.902204152685563865e-01
3.774989500054447555e-01	1.991866126325735759e-02	0.000000000000000000e+00	6.413202882694804541e-02	2.995034001825348513e-01	2.389469597218149832e-01
3.491586940049301035e-01	1.967634736977193904e-02	0.000000000000000000e+00	6.070354546590515238e-02	1.478879726887558088e-01	4.225734404706371627e-01
3.122405486440276712e-01	4.274076994471490316e-03	0.000000000000000000e+00	1.933811506545584161e-02	2.329282574118055615e-01	4.312190018842393391e-01
3.632174075466362284e-01	3.484703666597447486e-02	5.361134873822191159e-32	2.125281683377001560e-02	2.138958889610542424e-01	3.667868499925651671e-01
2.603785119685061988e-01	1.285665725556494644e-02	0.000000000000000000e+00	1.485473580746577739e-02	2.790893801368196092e-01	4.328207148316434716e-01
5.061033578525264698e-01	0.000000000000000000e+00	0.000000000000000000e+00	6.986663326695346959e-09	5.324286538289027204e-06	4.938913108742720715e-01
4.240957700971927924e-01	0.000000000000000000e+00	0.000000000000000000e+00	1.751007818015035817e-04	3.619411637165420304e-174	5.757291291210056006e-01
4.704915381512058681e-01	6.210240247045925066e-166	0.000000000000000000e+00	7.373061788536963258e-08	0.000000000000000000e+00	5.295083881181762431e-01
3.808272540208605395e-01	0.000000000000000000e+00	0.000000000000000000e+00	3.478072580846542326e-03	0.000000000000000000e+00	6.156946733982929798e-01
4.834256632394364206e-01	0.000000000000000000e+00	0.000000000000000000e+00	1.036486494956511892e-02	0.000000000000000000e+00	5.062094718109984015e-01
5.285149966186168946e-01	0.000000000000000000e+00	1.519676104851679272e-108	2.616438502028346977e-05	0.000000000000000000e+00	4.714588389963627613e-01
3.306818824781547206e-01	0.000000000000000000e+00	0.000000000000000000e+00	1.427825236103986593e-03	0.000000000000000000e+00	6.678902922857413715e-01
5.728309507830348091e-01	0.000000000000000000e+00	0.000000000000000000e+00	1.540455678181537657e-03	0.000000000000000000e+00	4.256285935387835173e-01
4.386176860755210960e-01	1.062547953324747484e-317	0.000000000000000000e+00	7.214164292986196408e-03	0.000000000000000000e+00	5.541681496314927458e-01
4.008731992024371360e-01	3.948511740759739634e-06	0.000000000000000000e+00	8.895471412604978242e-03	0.000000000000000000e+00	5.902273808732171334e-01
5.618309837336172841e-01	0.000000000000000000e+00	0.000000000000000000e+00	1.980020488129647846e-04	2.788367290962175937e-99	4.379710142175696763e-01
5.207473560534106038e-01	0.000000000000000000e+00	0.000000000000000000e+00	2.401528197238161130e-03	0.000000000000000000e+00	4.768511157493512953e-01
3.851078587517337559e-01	0.000000000000000000e+00	0.000000000000000000e+00	9.611716135506412941e-08	0.000000000000000000e+00	6.148920451311048474e-01
3.341702626374060681e-01	0.000000000000000000e+00	0.000000000000000000e+00	8.834347343764161224e-04	0.000000000000000000e+00	6.649463026282173006e-01
4.375796654689805276e-01	0.000000000000000000e+00	0.000000000000000000e+00	2.102073958720687837e-04	0.000000000000000000e+00	5.622101271351475082e-01
3.534035246813879150e-01	0.000000000000000000e+00	0.000000000000000000e+00	1.522953135968326856e-02	0.000000000000000000e+00	6.313669439589286725e-01
4.531517028648537893e-01	0.000000000000000000e+00	7.214526760735319349e-85	3.080971382325928677e-04	2.267090010206202657e-43	5.465401999969137226e-01
4.611380240102919692e-01	4.718865927352922248e-60	0.000000000000000000e+00	8.119929870712772405e-06	0.000000000000000000e+00	5.388538560598374882e-01
4.351121783702924795e-01	4.360397582583005066e-44	0.000000000000000000e+00	1.291841711722020790e-04	0.000000000000000000e+00	5.647586374585353841e-01
4.524814259557352614e-01	0.000000000000000000e+00	0.000000000000000000e+00	1.505495095135503945e-04	3.347811888155962232e-12	5.473680245314033188e-01
2.284571717936455347e-31	6.554972473888916540e-27	9.788373139567246861e-01	2.874405965561949835e-11	2.116268601453117140e-02	2.314949274428675561e-190
8.266383726802159672e-13	3.018218658191796168e-39	9.547472107439270994e-01	6.594214821668770873e-71	4.525278925524612444e-02	3.217910049115155106e-269
5.650358456869568644e-05	1.864839097902256563e-83	9.360536279186217890e-01	7.783528473630870744e-09	6.388986071328099647e-02	1.661942058459560580e-205
7.524704677873449475e-23	7.195967865390695197e-13	9.618667248536495462e-01	2.608181137513068333e-14	3.813327514560464759e-02	0.000000000000000000e+00
1.562212578844503951e-41	2.888663841559904169e-26	9.792664336098918509e-01	1.251499199037330816e-06	2.073231489090918839e-02	9.482791002597539116e-282
6.632136777814508109e-09	4.357722771953388580e-27	9.393199228657361788e-01	1.072901060369462002e-18	6.068007050212711334e-02	1.993261969629115849e-113
8.241256166164775677e-09	7.868333431912721870e-42	9.528610668973489517e-01	7.068685330405461952e-31	4.713892486139493326e-02	0.000000000000000000e+00
2.665870218031347123e-09	3.671599861197542790e-130	9.756698989156172841e-01	4.569824096651960526e-10	2.433009796153007276e-02	3.447897279540483194e-157
3.510948582001042590e-66	1.213895404971341172e-109	9.395515053433116659e-01	2.621849790650087131e-09	6.044849203483842331e-02	1.309532025494864797e-123
6.280813388831305172e-06	1.328747771315676197e-22	9.558142160054275971e-01	3.507329044925791397e-25	4.417950318118356312e-02	1.762953711570688692e-59
5.746640470221510942e-03	8.327916166288163840e-58	9.787711794735127757e-01	4.117990344681261464e-16	1.548218005626523022e-02	3.573914505630370283e-34
1.041761827481345419e-16	1.443543224628800872e-203	9.852101085144465697e-01	2.704489130052932618e-09	1.478988878106407209e-02	4.879120112454517954e-65
1.949798899584475482e-48	6.740997112793908881e-90	9.298873389942295953e-01	1.702317583628549244e-40	7.011266100577039084e-02	3.332948676507764710e-63
1.076109793056162010e-15	1.717999928754750155e-60	9.085983472882003253e-01	7.211470025622179932e-03	8.419018268617652068e-02	7.245678530941615242e-54
5.379961072987844766e-59	5.390716579812569031e-119	9.762535439650464886e-01	1.832387666467660106e-09	2.374645420256593989e-02	0.000000000000000000e+00
1.888788225447625357e-94	1.233416713381801485e-29	9.863915662895818004e-01	1.688755992858896088e-55	1.360843371041823083e-02	4.648155311539412759e-200
6.016365381190346726e-08	2.113759421329160657e-18	9.305100207375461840e-01	5.830218645825063071e-36	6.948991909880003481e-02	5.294191196299907158e-106
4.895898443778638431e-50	2.394588210899685404e-197	9.706295872882713116e-01	1.907293020374031891e-10	2.937041252099942962e-02	3.498770799473899303e-126
6.885290598304091890e-04	2.025725524018039476e-72	9.772233829400889249e-01	1.334979047652666933e-42	2.208808800008067383e-02	5.477019550728725393e-137
8.086363070678523779e-13	8.742302362246104998e-12	9.872470157613614239e-01	6.170593209451253070e-51	1.275298422908764488e-02	4.117700699347540512e-272
2.835174097110359003e-210	2.883710420053707812e-01	6.058224699363184843e-04	2.478352203257681852e-01	1.382396358053422369e-01	3.249482793935824509e-01
0.000000000000000000e+00	2.490839090197648764e-01	2.333552834258159625e-02	1.310256661707553116e-01	1.400444010939489448e-01	4.565104953729491877e-01
0.000000000000000000e+00	2.569864093551394446e-01	3.683120625344791371e-03	1.142783152179797784e-01	2.003720949141800101e-01	4.246800598873559651e-01
0.000000000000000000e+00	1.362967926041410982e-01	8.622356911610215774e-04	2.456183351444291008e-01	2.541044850780055930e-01	3.631181514822631184e-01
0.000000000000000000e+00	3.517957638912805884e-01	3.402287003842848628e-02	1.433064130914848411e-01	2.156810503531596812e-01	2.551939026256463405e-01
0.000000000000000000e+00	2.704549628016397755e-01	3.393223979183401253e-05	2.242987110805960138e-01	7.995188287062608701e-02	4.252605110073462980e-01
